../Datasett/50/2D50R10V12-24T10-20W.txt,,6722.805999999999,6722.805999999999,48.0,48.0,0,48,1,1114,0,0,0
../Datasett/50/2D50R13V24-48T10-20W.txt, Not Solved,11037.087000000007,10900.453000000001,7018.0,7201.0,0,7200,18,4461, 0,0,0
../Datasett/50/3D50R8V24-48T10-20W.txt, Not Solved,9.99999999E8,0,0.0,7201.0,0,7200,1,2535,0,0,0
../Datasett/50/3D50R8V12-24T1-10W.txt,,12257.793000000005,12257.793000000005,6001.0,6001.0,0,6001,1,9514,0,0,0
../Datasett/50/2D50R10V12-24T1-10W.txt,,13498.888000000003,13498.888000000003,379.0,379.0,0,379,1,3198,0,0,0
../Datasett/50/4D50R8V12-24T1-10W.txt,,10937.811,10929.184000000005,1951.0,2172.0,0,2172,7,5649,0,0,0
../Datasett/50/1D50R8V24-48T10-20W.txt, Not Solved,11946.157166666668,11783.454999999996,5650.0,7201.0,0,7200,10,1779, 0,0,0
../Datasett/50/2D50R13V12-24T1-10W.txt,,14067.326000000005,14067.326000000005,200.0,200.0,0,200,1,2761,0,0,0
../Datasett/50/3D50R13V24-48T1-10W.txt, Not Solved,9.99999999E8,-0.0,7201.0,7201.0,0,7201,1,0, 0,0,0
../Datasett/50/2D50R8V12-24T10-20W.txt,,5908.633999999997,5908.633999999997,44.0,44.0,0,44,1,1138,0,0,0
../Datasett/50/3D50R10V24-48T1-10W.txt, Not Solved,9.99999999E8,-0.0,7201.0,7201.0,0,7201,1,0, 0,0,0
../Datasett/50/1D50R8V24-48T1-10W.txt, Not Solved,9.99999999E8,-0.0,7201.0,7201.0,0,7201,1,0, 0,0,0
../Datasett/50/4D50R10V24-48T10-20W.txt, Not Solved,9194.334599999991,0,0.0,7201.0,0,7200,5,2390,0,0,0
../Datasett/50/1D50R13V12-24T1-10W.txt,,14583.520249999992,14513.603,348.0,348.0,0,348,3,4073,0,0,0
../Datasett/50/4D50R8V12-24T10-20W.txt,,6184.946,6184.946,143.0,143.0,0,143,1,1105,0,0,0
../Datasett/50/2D50R10V24-48T1-10W.txt, Not Solved,9.99999999E8,-0.0,7201.0,7201.0,0,7201,1,0, 0,0,0
../Datasett/50/4D50R8V24-48T1-10W.txt, Not Solved,9.99999999E8,-0.0,7201.0,7201.0,0,7201,1,0, 0,0,0
../Datasett/50/1D50R13V24-48T10-20W.txt,,14655.397111111102,14649.677999999993,1702.0,1702.0,0,1702,5,2357,0,0,0
../Datasett/50/4D50R10V12-24T10-20W.txt,,6442.776000000003,6442.776000000003,68.0,68.0,0,68,1,1047,0,0,0
../Datasett/50/3D50R10V24-48T10-20W.txt, Not Solved,9.99999999E8,10010.071000000007,7200.0,7201.0,0,7200,1,3897, 0,0,0
../Datasett/50/3D50R13V24-48T10-20W.txt, Not Solved,9.99999999E8,11016.963,7201.0,7201.0,0,7200,1,3970, 0,0,0
../Datasett/50/2D50R13V12-24T10-20W.txt,,7691.055500000001,7670.451000000007,52.0,92.0,0,92,7,1164,0,0,0
../Datasett/50/1D50R13V12-24T10-20W.txt,,12073.558,12073.558,62.0,62.0,0,62,1,1376,0,0,0
../Datasett/50/1D50R10V24-48T10-20W.txt, Not Solved,13520.896631578958,0,0.0,7201.0,0,7200,20,2048,0,0,0
../Datasett/50/1D50R13V24-48T1-10W.txt, Not Solved,9.99999999E8,-0.0,7201.0,7201.0,0,7201,1,0, 0,0,0
../Datasett/50/1D50R8V12-24T10-20W.txt,,9642.534999999994,9642.534999999994,100.0,100.0,0,100,1,1131,0,0,0
../Datasett/50/2D50R8V24-48T1-10W.txt, Not Solved,9.99999999E8,-0.0,7201.0,7201.0,0,7201,1,0, 0,0,0
../Datasett/50/2D50R8V24-48T10-20W.txt, Not Solved,9.99999999E8,0,0.0,7201.0,0,7200,1,4032,0,0,0
../Datasett/50/3D50R13V12-24T1-10W.txt,,13380.863000000001,13361.837000000009,2705.0,3297.0,0,3296,9,8849,0,0,0
../Datasett/50/3D50R10V12-24T10-20W.txt,,8380.231,8361.155000000006,167.0,167.0,0,167,3,1644,0,0,0
../Datasett/50/1D50R10V12-24T10-20W.txt,,10938.65799999999,10930.202999999996,141.0,157.0,0,157,3,1379,0,0,0
../Datasett/50/1D50R8V12-24T1-10W.txt,,14213.887999999997,14213.887999999997,386.0,386.0,0,386,1,4195,0,0,0
../Datasett/50/2D50R13V24-48T10-20W.txt, Not Solved,11037.087000000007,10900.453000000001,7089.0,7201.0,0,7200,18,4458, 0,0,0
